
ControlHelice
sisotool(G1)
pole(G1)

ans =

  -0.0772 + 5.5919i
  -0.0772 - 5.5919i

[Kc, Ti, Td]=pid2isa(C)

Kc =

   18.5918


Ti =

   13.9534


Td =

    0.9283

diary off
